Konditionszahlen A^d und Hilbertmatrix

d=1
[1.0, 3.0, 7.999999999999998, 11.999999999999998, 17.999999999999996, 24.0, 32.0, 40.00000000000001, 50.0]
[1.0, 27.00000000000001, 748.0000000000027, 28374.999999997388, 943655.9999999335, 29070279.002940644, 985194889.719848, 33872790819.49471, 1099650991701.052]

d=2
[1.0, 2.9999999999999996, 9.000000000000002, 13.333333333333334, 20.769230769230763, 27.448275862068964, 37.264705882352935, 46.29522752497227, 58.47874842732894]
[1.0, 28374.999999997388, 1099650991701.052, 2.311624234251581e+18, 1.7424649140711887e+19, 1.380385024104188e+19, 3.780222548906899e+19, 1.5982160238410445e+19, 8.024854808108397e+19]

d=3
[1.0, 3.0000000000000004, 9.882352941176464, 14.526315789473696, 23.31313131313129, 30.627549372748764, 42.176769881272705, 52.174333259988614, 66.44907705653814]
[1.0, 33872790819.49471, 1.6381885442111791e+19, 1.5982160238410445e+19, 5.942029981401014e+19, 9.99739805300818e+20, 9.981011731951971e+20, 2.72516709557988e+22, 4.0429517177716715e+21]
